cost=0.0012582615574164204
weights=[[[-1.0940226051613944, -2.6843831759134424, 3.1903493554343947], [-1.0539340384707332, 3.1044550438100167, -2.7364616410408256]], [[2.585468372549927], [4.550768067185331], [4.550606223509568]]]
biases=[[-0.23161528639946827, 0.027261444456401662], [2.560753797633973, -1.6271237359451014, -1.6832315614648876], [2.034138763661873]]