cost=6.933347799794051e-35
test_cost=6.933347799794051e-35
weights=[[[-0.9953528866774319, 0.26445657529586913, 0.8844646828392343], [1.0099125937660842, -0.09601965849409051, -0.9100003582208029]], [[1.245144571708497], [0.12874005640329395], [1.2322591179781133]]]
biases=[[0.12217826231427986, -0.48360879173580207], [-0.007448443055035903, 0.2678425649556382, 0.11238891100009572], [-0.17204688841532462]]