cost=0.0022144183724291016
weights=[[[5.276843281119635, 6.19589477641606], [-5.4743838365611905, -6.084997994570554]], [[9.108297494002812], [-8.590309251872883]]]
biases=[[-0.05995957456152023, -0.5769354279175243], [-2.8608357646806923, 3.0953599600682535], [4.003993974379994]]