cost=0.001372237961302231
weights=[[[2.78830558129151, -2.4290288975786414, 3.0675996328846584], [-2.794921461679556, 2.372315634179421, -2.931212183591993]], [[2.8886993342368115], [-2.0976613819415344], [-4.791614782551079]]]
biases=[[0.32667762528891187, 0.6403264422326904], [-1.3714550275472297, 1.2094593375604967, 1.3423211396810166], [4.340389299040728]]