cost=0.00614097770385916
weights=[[[1.2639750827484926, 5.128375598179384, -5.452713069259318], [-1.342995723581665, -5.313836256072845, 5.292050209276159]], [[1.0866877350071855], [7.58683197469586], [7.967857285350387]]]
biases=[[0.5844503448480696, -0.17438862911562003], [-1.5210641126267632, -2.911122996366258, -2.9871210211129386], [-4.060415092817986]]