cost=0.0007670062141749522
weights=[[[6.63420692736566, 5.615089528132532], [-6.499550637177031, -5.801609910534147]], [[-9.574176365580055], [10.103543361128883]]]
biases=[[-0.26189908909905446, -0.8480117863032697], [3.283901860328163, -3.0311971146561936], [4.49887271522916]]
