cost=0.0012693678610653342
weights=[[[-3.3873047046207003, -2.8079573507983713, 1.307452493405567], [2.6111592840483384, -2.525466203168446, -3.1514551517117995]], [[4.3859346415228515], [-3.8811266953690287], [4.388845399680023]]]
biases=[[0.189372342136767, -0.9216008188524993], [-1.130482105521725, 0.6176617432504918, 0.03966044092452365], [0.6794390698715209]]