cost=0.9999999999999998
weights=[[[1.2678042601246482e-08, -0.9232965151034263], [8.614203855816368e-09, 0.31728667670338584]], [[1.2376110992941083], [0.21758088000525386]]]
biases=[[-0.3788847962552593, 0.669865229356879], [0.9925039311475431, 0.040647991325658994], [-1.1254602236949587e-08]]