cost=0.018504390747870598
weights=[[[-4.891970038196121, -2.2931070311744994, 6.641289715337009], [3.5416724055705724, -4.720997747465197, 5.812089117405905]], [[4.5143254285515555], [6.212816550179919], [6.340823670616504]]]
biases=[[-0.6218581632789464, 0.13419275053533797], [-2.4594581239689273, 4.857339436990577, -2.709897833146379], [-9.555661465319078]]