cost=0.013411684974331643
weights=[[[-3.931105732651331, 0.28560976564515034, -5.437237384031907], [-3.8830581331336926, 0.5296897600966942, -5.465353986878697]], [[7.469482904909262], [-1.3989093059253732], [-7.900970904412697]]]
biases=[[0.1439629453044926, 0.5722630918419855], [5.865305753437288, 0.4387396383353543, 2.068172113077313], [-2.4880443836365194]]