cost=0.002419659773207323
weights=[[[2.2992602435555898, 6.206889987742479, -4.960713142101492], [-2.1270232724433242, -6.088766454859086, 4.678976815581764]], [[-3.2268398803886678], [9.080662398166256], [7.454175363531151]]]
biases=[[-0.6201307839819474, -0.6803195427778266], [1.5004650895262621, -3.40643082309008, -2.611873312669204], [-1.7569558939444228]]