cost=0.0002810338743710767
weights=[[[[0.8990363555437989, 0.49262479303354356], [-3.2553246276611048, -3.200815414707633], [2.668213712084936, 2.7412641526154498]], [[-1.1841810586604211e-06, 1.656563244856814e-07], [5.3648024558504155e-05, 8.18603918327804e-05], [-5.629605954149861e-05, -4.395362209087486e-05]]], [[[0.2627953286173089, -7.501449297925943, 6.041602177855424]], [[-1.4447971773820285e-05, 0.00018204602022247387, -0.00016274153887194394]]]]
layers=[[[1.0745730180634692, 4.447786566461957, -3.865676175834169], [3.6568121019944104e-06, -0.00010674027924227074, 0.00011035274926218825], [0.18370450740694716, 0.010196241074607811, 0.022683103957448807], [0.7574791109838871, 0.9896976198894499, 0.02322238303109154], [1.0250636675411805e-07, -2.9260273269179095e-06, 2.356597021279534e-06]], [[-0.3091953280075911], [3.1993831916080828e-06], [0.0006243539963542106], [0.0006247443017968383], [0.0002810338743710767]]]