cost=7.646021186721861e-08
weights=[[[[4.22465669299432, 4.179109894802336], [-3.732184743419769, -3.800601552144795], [-2.366945659392441, -2.344004166971395]], [[-1.065970437874106e-08, -1.1591307768653673e-08], [1.1039209790888646e-08, 9.895037324916388e-09], [8.864294860863685e-09, 9.063451804538424e-09]]], [[[10.823438234045467, -8.69664006400567, -5.096400107219515]], [[-3.8584030957729744e-08, 2.9617973270557198e-08, 2.001967439070419e-08]]]]
layers=[[[-5.975153520249594, 5.3000887306322015, 3.029234355859001], [1.6893949045693092e-08, -1.6018761570122173e-08, -1.4816088095088944e-08], [0.07445296789659142, 0.08747203096162454, 0.13226073659159565], [0.9189833315340941, 0.09685242275517088, 0.156868445915558], [-5.257667480432227e-07, 4.2245394360657267e-07, 2.475662218565103e-07]], [[0.1149261013780744], [-6.847090527127407e-09], [0.00022037689830481434], [0.9997795745143004], [4.5161508772059315e-08]]]