cost=0.00017732887172758569
weights=[[[[3.1972057577714783, 2.9480856078364805], [-2.66517825678917, -2.9567334648914954], [-1.6893599619171005, -1.6609729648413747]], [[-2.539138916429242e-05, -2.2122682382288617e-05], [3.862507384890477e-05, 1.1307731807409286e-05], [2.2246739414027162e-05, 1.1252013536887757e-05]]], [[[7.4117249337336615, -6.069321312693955, -3.459821269840728]], [[-7.391353774591607e-05, 5.2342607217539753e-05, 3.036749123683442e-05]]]]
layers=[[[-4.354006713367946, 3.679950378826106, 1.6405471054896736], [3.788309281156096e-05, -3.2314102618771935e-05, -2.397193306726924e-05], [0.10594572297476831, 0.12460515725420253, 0.15273000848680626], [0.8795448287425764, 0.14588865769959095, 0.18811862589568815], [-0.0008060376109681942, 0.0006600489487698487, 0.0003762614095440441]], [[-0.44162149549452845], [-1.4034750725351182e-05], [0.010373600675665548], [0.9895164954568277], [0.00010264183982103389]]]