cost=2.6777354169008124e-05
weights=[[[[3.901046492428826, 0.4917416242339855], [-3.7525131736307857, -3.728995209667949], [3.1872362402803533, 3.224484735406176]], [[-2.9776594621940466e-11, 4.394068932524653e-09], [3.326770779205259e-06, 4.148971526296357e-06], [-3.5493536154822813e-06, -2.340522223287879e-06]]], [[[0.40397520934429415, -8.993092006322447, 7.384756966007224]], [[4.80451627048512e-07, 1.1182978495564055e-05, -9.88648948638249e-06]]]]
layers=[[[6.039339481723554, 5.278127312805703, -4.650303526703609], [4.564907087559483e-09, -5.849931585095567e-06, 6.285121208035216e-06], [2.942577481471769e-05, 0.09931028625155332, 0.11048717754170358], [0.9999705733592581, 0.11181226996664786, 0.8735141529558103], [-6.027090956908e-06, 0.000134172053760242, -0.00011017656752014294]], [[-0.3012959132602785], [4.917682289017653e-07], [0.0038550899043293314], [0.9961299326745673], [1.5215755191870741e-05]]]