cost=0.007082070540884007
weights=[[[[0.8914821380129538, 0.49299973129658187], [-2.587584202815351, -2.468371171734126], [1.98388570126433, 2.1419789802298]], [[-3.3063124236995025e-06, 3.0500315673546733e-07], [0.0012468326584960283, 0.0017668872418921434], [-0.0011660839807012737, -0.0008833403801544559]]], [[[0.028392490700355304, -5.660704996765743, 4.410564764167308]], [[-0.00044533872093765504, 0.003502973940857113, -0.0031468343030339255]]]]
layers=[[[1.0968911782135677, 3.291847162392639, -2.8377992905034213], [8.994625816347266e-06, -0.0023050628684867, 0.002226540885356603], [0.0636087122850764, 0.1424263621759853, 0.14686452266541564], [0.9317305730602404, 0.17201579638035208, 0.821147127240124], [-0.0001872076401748744, 0.037324207846174386, -0.029081331048138037]], [[-0.35200850030150965], [-4.3583773563311314e-05], [0.07767804755561784], [0.9151167937392827], [0.007082070540884007]]]