cost=2.654042639319684e-05
weights=[[[[3.9010465024877985, 0.49174029007814557], [-3.7536465631565825, -3.7300889603072602], [3.188399658788107, 3.225514056735595]], [[-3.0417788939174094e-11, 4.356750632716254e-09], [3.3659353307566608e-06, 4.148767211483232e-06], [-3.5839303829172545e-06, -2.354480005996666e-06]]], [[[0.4039120162849102, -8.996499120649132, 7.38778820564259]], [[4.1550289419193025e-07, 1.1070007568168395e-05, -9.84618687857176e-06]]]]
layers=[[[6.039338095881144, 5.2799103822183495, -4.652038916465524], [4.525290777366586e-09, -5.734977380539571e-06, 6.16853827103523e-06], [2.9425854436336964e-05, 0.09927193711647816, 0.11045632391050456], [0.9999705732796318, 0.11176287801973156, 0.8735554524960055], [-5.9917965334866755e-06, 0.000133457758301991, -0.00010959348069872404]], [[-0.30136254214517644], [4.2672304258553865e-07], [0.0038441077267614325], [0.9961410003952894], [1.509762562513814e-05]]]