cost=0.0001304391375522478
weights=[[[[2.7461432994890833, 3.023855791372811], [-3.22776183305481, -3.1448016387890414], [-1.621827332519215, -1.2220107665695197]], [[-2.0383248337211144e-05, -1.6464012362269056e-05], [1.5844201273630473e-05, 2.0287886005691446e-05], [8.073750269638675e-06, 8.788122763727032e-06]]], [[[6.9304472001830355, -7.356211511903782, -2.910624943101007]], [[-5.092030783616241e-05, 4.5490174568788515e-05, 1.945808780723727e-05]]]]
layers=[[[-3.9300761326058327, 4.414583100403216, 1.3060986375838062], [2.926113069231029e-05, -2.817138242984632e-05, -1.731613619799162e-05], [0.11827484996122728, 0.10838761080786602, 0.14558321008362446], [0.8629395955786207, 0.12368578396221333, 0.1768641308731333], [-0.0005589291112205198, 0.0005932662992064853, 0.00023473709063114376]], [[0.14319951352706392], [-8.921131909633896e-06], [0.008939843405829543], [0.990978774077017], [7.677160376222823e-05]]]