arch=[2, 3, 1]
test_cost=1.7333369499485127e-35
weights=[[[-0.9930254051534538, 0.2964817178244002, 0.8697997033727449], [1.006000624713815, -0.1062290341645496, -0.9019918775043834]], [[1.2716548633891631], [0.15635388552558394], [1.2415760615191913]]]
biases=[[0.12217826231427986, -0.48360879173580207], [-0.005485166341554977, 0.28283986847117887, 0.12923484229232182], [-0.20398047507589495]]